-10.000 18.537
-9.798 44.350
-9.596 15.743
-9.394 39.709
-9.192 75.724
-8.990 127.930
-8.788 130.625
-8.586 183.440
-8.384 183.335
-8.182 240.955
-7.980 168.764
-7.778 251.274
-7.576 203.777
-7.374 273.634
-7.172 205.451
-6.970 295.978
-6.768 269.133
-6.566 266.027
-6.364 271.403
-6.162 248.419
-5.960 240.977
-5.758 310.576
-5.556 268.334
-5.354 243.337
-5.152 285.425
-4.949 229.993
-4.747 290.911
-4.545 212.918
-4.343 214.748
-4.141 176.383
-3.939 172.540
-3.737 247.849
-3.535 189.488
-3.333 152.892
-3.131 160.288
-2.929 197.148
-2.727 182.492
-2.525 150.473
-2.323 139.287
-2.121 164.965
-1.919 127.579
-1.717 117.419
-1.515 67.961
-1.313 64.903
-1.111 58.273
-0.909 83.930
-0.707 7.680
-0.505 10.711
-0.303 -5.577
-0.101 -5.601
0.101 2.338
0.303 -32.213
0.505 -41.786
0.707 -51.283
0.909 -63.900
1.111 -6.899
1.313 -82.970
1.515 -72.600
1.717 -34.854
1.919 -84.383
2.121 -122.528
2.323 -116.521
2.525 -40.747
2.727 -54.845
2.929 -31.604
3.131 -96.710
3.333 -33.976
3.535 -78.407
3.737 -100.726
3.939 -99.432
4.141 -71.051
4.343 8.677
4.545 3.710
4.747 -26.249
4.949 10.507
5.152 55.743
5.354 65.623
5.556 48.106
5.758 21.084
5.960 137.226
6.162 74.827
6.364 147.962
6.566 212.067
6.768 224.305
6.970 260.324
7.172 285.043
7.374 303.522
7.576 293.782
7.778 430.552
7.980 446.643
8.182 505.335
8.384 535.506
8.586 539.427
8.788 632.085
8.990 638.729
9.192 726.243
9.394 797.154
9.596 875.375
9.798 931.200
10.000 973.445
